VERBORUM

πολλάκις 107,22 139,1 171,22 184,8. 28

πολλαχῶς 23,8 107,34 128,14 131,19 sq.
1323. 14 166,20

πολυθρὺλλητος 227,6

πολύκενος 72,32

πολυπλάσιος 46,15

πολυπραγμονέω 207,24

πολῦς 67,15 81,18 142,12 206,17 220,26
οἱ πολλοὶ τῶν φιλοσοφοὺντων 228, 9
πλείων (πλέων) 16,34 20,3 26,8 34,108(].
50,24 127,20 171,24 178,18.30 179,1.
4. 5.19 183,18. 19 209,3 πλεῖστον ὅσον
218,Ιὸ ἐπὶ πλέον (πλεῖον) 49,6.14 51:29
85,19 212,9 215,24 220,18 ἐπὶ πλεῖστον
217,16

πολυφωνία 216,6

πολυχρόνιος 34‚13

πολυωνυμία 101,8

’πονέω 129,8

πόνος 138‚13 186,31 dist. λύπη 125,33
κοινότερον λύπης 127,10 opp. ἡδονή 125,
32 126,7 sq. εί φευκτὸς δι’ αὑτόν 138,
23 θλῐψιν σωματικὴν δηλοῖ 125,33 ἐπὶ
τ. ψυχῆς 126,16 πόνων ὓπομοναί 170,25

πορνοβοσκία 134,23

πόρος def. 219,ss 218,24 sq. τῆς Ἡρακλείας
λίθου, τοῦ σιδήρου 72,10 sq.

πόρρω 87,4. 14 103,10

ποσός 16,18 18,23 34,31 153,15

ποσότης 49,5 7836 236,24

ποταμός 217,22

ποτέ 53,27 57,17.20.21 144,24 157,23
132,24

ποῦς 234,1 ὲν ποσίν 137,31
200,8

πρᾶγμα 17,24 21,22 51,7 59,12. 13 78,18
100,27 175,14 176‚25 186,16. 20 193,8
196,20 201,5 219,21

πραγματεία 108,23 197,26

πρακτικός 143,2

πρανής 179,16 185,17 189,23

πρᾶξις 159,21 164,17 165,8 170,20 179,3
180,19 181,13 184,2. 16 185,16

πραότης 146,22

πράττω (πράσσω) 51,12 128,26 sq. 132‚·25
159,18 160‚13 sq. 165,ss 169‚14 178,1Ο.
25. 33 179,2. 9.12.13. 15.17 180,6. 12
24. 26. 30 185,16. 29 186,21.27 187,11

παρὰ πόδας

206,11 πάντα πρ. πρός τι 203,9
πρέσβυς 19537
πρίω 118,31

προλαμβάνω 265

πρίων 123,19

πρό 60,21 83,8 232,9 237,1. 15 162,28
165,9 168,22

προαγόρευσις 203,1

προαγορεὺω 188,16 200,31

προᾶγω 70,26.30 164,12 214,4 22634

προαίρεσις def. 1803 lom? 142,23. 24
160‚1sq. 168,12 170,18 171,13 195,8
212,17

προαιρετικός 205,17

προαιρετός 160,20sq.

προαιρέω 129,23 sq. 183,21

προβαίνω 142,7

πρόβατον 67,32

πρόβλημα 70,27 166,19 190,15

προβουλεὺω“160,3

προγίγνομαι 192,5

προγιγνώσκω 200,29 sq.

πρόγνωσις 66,35 200,18. 31

προγράφω 115,23

πρόδηλος 87,20 146,8 174,Ῑὸ 175,2 180,4
209,24

πρόειμι (εἶμι) 28,28 71,18 102,28 154,20
156,11 168,5 191,17 19δ,9 217,19

προεπινοέω 29,15

προέρχομαι 47,13 82,26 92,Ιὸ 129,30
173,1 175,8 230,31

πρόεσις 226,6

προηγέομαι. τὰ μὲν προηγούμενα τ. γινο-
μένων, τὰ δὲ δεύτερα καὶ τοῖς πρώτοις
ἐναντία 87,8 τῶν πρ. μηδὲν μάτην ἡ
φὺσις ποιεῖ 178,12 ὁ ἐν πρ. βίος 148,31
τέλη 172,19 173,3. 14 174,18 προηγου-
μένως ἕνεκά του γίνεσθαι 168,20 πρ.
ἀποδείξεις 171,19

πρόθεσις 133,9 167,22

προθεσμία 170,4

προθεωρέω 191,26

πρόθυμος 191,21

προίστημι 145,28 217,13 προίστασθαι τῆς
Ἀριστοτέλους φιλοσοφίας 164,14

προκαταβάλλω 70,7 165,17 169,1‹; 179,
13 etc. ’

προκαταρκτικός 192,18

πρόκειμαι ens, 69,24 133‚30 165,7 166,
lO 167,21 168,6 180,17 200,2 2()7,5
215,30

προκόπτω 156,9

προκρίνω 107,19 160,20 sq. 180,8

προλαμβάνω 33,5.9.21 89,1οΡ 174,2Ο.
22 180,26 210,10 212,6 218,17 222,28

