VERBORUM

171,ss 181‚30 185,11 186,27 187,1 196,
10 208,23

πάνυ μὲν οὖν in responso 67‚17 69:23

παρά cum Gen.10,20 38,13 40,4 119,18
146,9 161,27 164,5 186,23 187,8 cum
Dat. 61,32 161,13 164,3 216,8 200,20
212,15 cum Ace. 7,ss 9,3 ’11,17 20,31
28,30 32,30 53,3 60,8 61,9. 15 62‚3. 37
158,30 162,18 166,7. 25 170,1.17 171,
10 172,4 175‚8 189,28 219,Ιὸ

παράβασις 135,22 154,30 196,7

παράγω 181,11 208,14

παράδειγμα 1,3 21,16 167,1 173,11

παραδέχομαι 34,31 105,32 213,2

παραδοξολογία 199,22 213,7

παράδοξος 199,17 213,10 225,10 238,23

παράθεσις 49,22 105,10 165,5 214,19
Chrysippi 216,17 κατὰ μικρά 214,22
233,3 οὐχ ἕνωσις 215,12

παραινέω 129,18

παραιτέομαι 179,21 184,10 199,24 208,
16 216,2

παράκειμαι 15,8 73,19 214, 24 217,8
223,36

παρακολουθέω 32,9 104,32 120,20

παρακροὺω 182,30

παραλαμβάνω 42,3Ο 43,3.7 108,11 180,5
181,3 203,15

παραλείπω 66,15 184,20 191,3 195,26
207,4

παράλογος 104,14

παραλΰω 66,15. 34

παραμυθέομαι 144,25 22Ο,22

παραμυθία 225,9

παραπέμπω 74,2 144,29

παραπλήσιος 68,22 69,1 78,32 107,33
179,Ῑὸ 197,8 212,8

παρασκευάζω χώραν τινι 220,2 παρε-
σκευασμένος praeoccupatus 145,27

παρασκευὴ καὶ ἐπιτηδειότης πρός τι 31,8

παρασπείρω 57,14 144,28

παρατίθημι 92,29 98,19 100,20 171,18
191,27 192,20 212,9 216,19 218,8 231,
14

παραχρῆμα 200,11 223,24 232,9

παραχωρέω 218,27

πάρειμι (εἰμὶ) 29,24 33,1 56,13 57,5 65‚·21
143,·28 144,23 164‚7 171,ss 181,29 182,1
197,28

παρεκτείνω 217,29 218,16 220,15. 27 sq.

παρέρχομαι 178,33 203,10. 20

263

παρέχω 26,16 62,5 101,17 179,22 182,27
202,8 214,18

παρισόω 220,14

παρίστημι 25,21 70,Ιὸ 171,7 177,6 180‚5
204,4. 25? 212,25

πάροδος 218,34 234,31

παροράω 130,28 185,13

παρουσία 6‚15. 23. 27 34,34 35,12 41,28
57,4 60,27 131,16 144,1 181,4 198‚18

πέρας

παρρησία 187,31

Participium. Genetivus absolutus 33:22
58,20 82,5 104‚15.3.1 107,28 153,11
166,11 167,12 168,24169,27 170,5178,
27 2ΟΟ,3Ο 205,26 214,Βί 216,24 227,
20 Accusativus absolutus 95,8 18(),29
182,26 184,11 2133? ὂν-ι-ἔστι 90,27
119,Ιὸ

πᾶς. τὸ π. 101,26 sq. 216,17 παντὸς πέ-
ρας 105,29 οἰκονομία 192,26. 28 μέσον
237,7

πάσχω 34,28. 34sq. 57,oe 78‚37 97,27
164,5 183,22 212,15

πατήρ 193,9 ·

παύω 18,21 88,2 129,2 168,5 180,18 189,9
194,2 231.,9

παχυμερής 50,23 218,4

παχὺς 14,21 34,4 49,8 57,17

πείθω 10,23 70,34 128,26 142,19 149,5
174,6.9 180,18 186,21 187,9 188,20
202,13 209,2.11. 28 ἑαυτὸν ὡς eum
Gen. abs, 7],1

πεινάω 24,27

πειράω 65‚19 66,·20 70,33 77,Ιῦ 101,23
181,11 212,25 217,2 220,16 227,1

πεῖσμα 227,11

πέμπω 164,8. 10

πενία 122,31 sq. 123,28

πεπρωμένη 207,6

περαίνω πέρατι 101,15 παρά τι 102,22
104,15. 23. 26 123,8 πρός τι 105,3 πε-
ραῖνον καὶ πεπερασμένον 102,19 πεπε-
ρασμένου varia genera 104,23 sq. τῇ αὺ-
τοῦ φύσει dist. τῇ πρὸς ἄλλο σχέσει 105,1
οἶόν τε εἰς ἴσα διαιρεῖσθαι 104, 24 τῶν
ἁπλῶν ὄντων πεπερασμένων, ἀνάγκη καὶ
τὰ ἐκ τῆς τούτων συνθέσεως πεπερασμένα
(εἶναι) 106,30 πεπερασμένη πᾶσα γένεσις
88, 9 πεπερασμένου τὸ ὑπολιπεῖν καὶ
ἄλλῳ χώραν 103,19

πέρας 5,1.7 88,4 96,14 sq. 9213 155,3
dist. ἀρχή 71,33 sq. -

