VERBORUM

ἐπεισκρίνω 21837

ἔπειτα 52,17 8236 13037 215,3 238,12

ἐπέκεινα 101,11. 19 104,17 10530

ἐπεξέρχομαι 37,4.5

ἐπέχω 7234

ἐπὶ c. Gen. 52,5 53,10. 14 57,11.16.17.20.
29 58,9 59,9 61,7 64,1. 15 75,19 16134
174,7 17835 191,6 199,19 217,15 234,7
c. Dat. 61,19.27 62,12 1613. 9. 13 162,
28 16834 17337 178,31 18039 189,14
237,3Ο 2383

ἐπιβάλλω 96,34 21734

ἐπιβάτης 153,4

ἐπιβουλεὺω 20336

ἐπιγίγνομαι 79,17 124,19 14437 172,19
192,5 198,-10

ἐπιγράφω 10831

ἐπιδείκνυμι 4Ο,8

ἐπίδειξις 165,6 21530

ἐπιδεκτικός 5534 199,15

ἐπιδέχομαι 12233 128,11

ἐπιδίδωμι 17136 20437

ἐπίδοσις 153139 8133 12639 237,4
2383 23332

ἐπιδρομή 108,17 148,5

ἐπιεικής 142,6

ἐπιζητέω 14,11 48,8 70,17 72,17 12431
219,10 225,18

ἐπιθυμέω 120,17 sq.

ἐπιθυμητός 7431

ἐπιθυμία def. 12Ο,5 cf. 39 130,16 15932

ἐπικαλέω 12839. 30 181,1

ἐπικρατέω 6431 65,Ιό

ἐπιλαμβάνω 3432 83,15 9Ο,30 23431

ἐπιλέγω 171,4

ἐπιλείπω 3,5

ἐπίλυπος 13Ο,11

ἐπιμέλεια 2Ο,4 6530 170,15 19733 212,
21

ἐπινοέω 21832 23738 238,17

ἐπίνοια 2931 39,17 59,6 79,Ῑὸ

ἐπίπεδον 4Ο,8 219,15 ἐξ ἐ. τ. γένεσιν ποιεῖν
σωμάτων 214,5

ἐπιπλήττω 189,4

ἐπιπολάζω 74,8

ἐπιπόλαιος 216,3 232,13

ἐπιπολή 233,11

ἐπιπολῆς in superficie 22532

ἐπιπωματίζω 72,13. 23

ἐπιρρέω 34,9 23530 238,16

ἐπισπάω 7333 74,8

εὐδοκιμέω 253

ἐπίστασις 713

ἐπιστέλλω 13035

ἐπιστήμη deser. 10237 82,5 100,30 151,5
196,5 21033

ἐπισύνδεσις 195,3 1963

ἐπίτασις 14,12. 14 15,11

ἐπιτείνω 19,17

ἐπιτηδειότης 30,30 31,8 5239 53,14. 17
56,14 60,1.26 198,5

ἐπιτίθημι 70,31

ἐπιτιμάω 187,11 19036

ἐπιτίμησις 187,13

ἐπιτίμιος 158,3Ο

ἐπιτυγχάνω 171,8

ἐπιφάνεια 5‚2sq. 34,8.14 5432 1883
2213 213313 231,1

ἐπιφανής 20436

ἐπιφέρω 28,11 52,18 95,33 96,9 210.11

ἐπιφράσσω 218,32

ἐπιχειρέω 1813

ἐπιχείρησις 10035 105,17

ἐπιχέω 22138 238,18

ἐπίχυσις 993 233,8

ἐπιψύχω 34,8

ἕπομαι 931 10,8.27 1234 3633 45,31
·61,12. 14 71,21.30 72,14 73,4 157,12.
15 171,19 178,19 17933. 26 18435
20831

ἐποχέομαι 11431 11531 185,7 196,15

ἐράω 129,1

ἔργον 52,15 6135 64,8 7035 79,17 107,34
203,4. 25 204,1

ἐρυθαίνω 139,12

ἐρυθριάω 139,14

ἐρωτάω 7,13 6532 66,5 68,17 101,17
205,3 208,12 210,7. 18

ἐρώτησις 66,11 sq.

ἐσθίω 2437 20338

ἔστε 6,11.17. 19 ·‚15,1. 18 25,9 30,31 37,4
83‚3

ἔσχατος 58,11. 13 71,12 140,18 238,14

ἑταῖρος 216,12

ἕτοιμος 6531

εὖ 148,17 14931 152,35 164,5

εὐαπόβλητος 122,8

εὒαρεστέω 1030

εὐγνώμων 2043

εὐδαιμονία· 138,8 def. 14839 cf. ib. 6.
12 sq. 144‚1 196,11

εὒδιαίρετος 22137 231,13 224,3 2333

εὐδοκιμέω 216,8

