252 ἐναντιόω

cf. 32,21-33,23 πῶς εἰ ἐκ τῶν ἐναν-
τίων τὰ ἐ. γίνεται, οὐκ ἔσται ἐκ δικαιο-
σύνης ἀδικία 161,33-·-163,12 τινος 60,8
τινι 59,31

ἐναντιόω 101,30

ἐναντίωσις 42,5 50,10 sq. 56:28 64,19 sq.
108,24 123,22 229,11 sq. 230,28

ἐνάργεια 196,20

ἐναργής 133,23 139,8 164,21 172,2.4
175,8 196,16 201,6 208,2 217,15 227,13

ἐναρμόζω 72,16

ἐνδεής 25, 9. 13. 16 74, 26

ἔνδεια 126, 26 131, 27 140, 28

ένδείκνυμι 144,6 204,6

ἐνδέχομαι. ἐνδέχεται 36,19 63, 27 185, 25
τὸ ἐνδεχόμενον 8,30 sq. 30, 26 sq. 51, 13
88,25 174,28--176,13 176,14-178,7
201,16 sq. ἐνδεχομένως 172,7 175,2

ἐνδέω 198,23

ἐνδίδωμι 180,7 186,26 βραχείᾳ πιθανότητι
106,35

ἔνδον 34,10 225,23

ἐνδύω 73,1

ἔνειμι 21,19 130,21.23 165,8 180,29 182,
20 183,4 19Ο,9 193,29 201,7

ἐνέργεια 17,11sq. 52,16 τέλειος, ἀτελής
35,3 ἀδιάφοροι, μοχθηραί, ἀγαθαί 124,9
ἠ ἀπὸ τῆς ἕξεως σωστικὴ ἕξεως 81,23
ἀνεμπόδιστοι 135,1 αἱ κατ’ ἀρετὴν ἡδεῖαι
144,9 et ἡδονή 120,12. 20 124,7 sq.
ταῖς ἐνεργείαις συνδιαιρεῖται 124,2

ένεργέω 133,31 146,21 160,27183,2185,9
193,23 199,1. 32 205,9. 28 217,22

ἐνέργημα 205,4

ἐνεργής 54,15 76,2Ρ

ἐνέχω 104,18

ἔνθα 105,26 204,26

ἔνθεν 184,25

ἐνιαύσιος 87,2Ο

ἔνιοι 57,27 165,1 196,8 221,23 223,19

ἐνίστημι 101,22 155,4 168,6177,26 184,8
227,1 46‚13?

ἔννοια 66,32 129,9.11 172,17,217,3 218,11

ἐνοχλέω 14Ο,29 τὸν λόγον 228,12

ἐνόχλησις 140,28

ἐνόω 64,33 214,8 216,1. 14 217,28 223,7.
31 224,10 228,3-5 23Ο,33

ἔνστασις 46,15 101,24

ἐνταῦθα in terra 70,1 224,33 234,8

ἐντελέγεια 54,ll. 20 sq.

ἐντεῦθεν 227,6 .

1 INDEX

’ἐντός 33, 26

ἐντυγχάνω 165,10 180,15. 17
ἐνυλος 42,5 55,10 229,8
ἐνυπάρχω 55,3 58,11
ἕνωσις 195,16 215,11 223,9 229,1
ἐξαίφνης 122,13
ἐξάπτω 62,7 227,14. 16. 26 228,3
ἐξασθενέω 34,27
ἔξειμι (εἶμι) 74,11
ἔξεστι 199,10
ἐξέτασις 165,6 215,25
ἐξετάζω 106,36 178,20 184,4 199,23 208,
18 216,4
ἐξηγέομαι 187,35
ἐξήγησις 71,3 81,4 ἐζητήθη ὑπὸ τῆς ἐ.
81,17
ἐξικμάζω 74, 27
ἕξις 16,7 57,.5 81,18 162,.1sq 197,.4sq
εὐμετάβολος 163,1 μοχθηρά 129, 31 τ.
μεμιγμένων 221,17 sq. ἀφ’ ἧς πράττομεν
206,Ῑὸ μέση 121,14sq. άπὸ τῆς amp-
γεια εἰς ταύτὸν ἐπίδοσις 81,23 τοῖς ἕξιν
ἔχουσιν αὐτὴν μεμῖχθαι λέγειν 222,27
ἐξίστημι 16,3 47,23. 25. 26 53,5 62,27
223,6
ἐξομοιόω 236,28 238,11
ἐξομοίωσις 237,17
ἐξουσία 1()7,36 159,19 164,9 166,13169,7
180,2Ο 181,6 186,17 187,18 189,1 197,
10 205,19
ἔξω 191,1
ἔξωθεν 48,26 64,13 102,21 159,14 168,16
180,6 181,29 184,3 190,8 193,3 208,27
225,26 233,31
ἐξωθέω 133,3
ἔοικα 2Ο,2 184,2Ο 202,7
ἐπαγγέλλω 171,8
ἐπαγωγή 37,1 77,28
έπαινετός 210,27
ἐπαινέω 108,4 159,6 197,20 211,1 dist.
θαυμάζω 197, 20
ἔπαινος 206,1 sq.
ἑπαίρω 175,12 187, 20
ἐπακολουθέω 144,17 192,4
ἐπα κολουθημα 178,13
ἐπαναλίσπιω 236,21
ἐπάνειμι 199,24 228,5
ἐπανορθόω 211,2
ἐπανόρθωσις 207,18
ἐπαοιδή 174,23
ἐπαφή 167,24

