256 θεωρέω
opp. φύσις 100,25 sq. ἡ παρ’ ἄλληλα
214,20 θέσει τὰ ὀνόματα 100,25·-101,8

θεωρέω 4,16 25,2 104,21

θεωρία 127,28 164,12

θηράω 148,18

θηριώδης 127,29

θησαυρός 66,28 172,25.28.30 174,14
194,18

θλῖψις 125,33 126,7

θνῄσκω 87,21

θνητός 63,1. 27 65,20

θρασὺς 170,22

θρασύτης 154,6

θρεπτικός 48,17 233,26

θρίξ 27,11 167,24

θυμίασις 220,18

θυμιάω 217,16 220,17

θυμός 130,15 1592?

θὺω 164,7

θώραξ 34,2. 10

ίατρεύω 121,6

ἰατρικός 216,24

ίατρός 170,16 174,10 204,26

ίὸικός opp. κοινός 228,27

ἴδιος 7,29 38,21 48,12 52,27 61,25 72,18
82,26 174,3 216,28 κατ’ ἰδίαν 222,28

ἰδιώτης 171,28 172,5 189,12

ἱδρώς 204,21

ἱερός. τ. ἱεροῖς θὺειν 164,7

ἵημι 129,6

ἱκανός 38,22 165,15. 25 173,12

ἰκμάς 73,12

ίόω 73,15

ἱππονόμος 67,33

ἵππος 23,4 153,3 173,8

ίσημερία 89, 6

ἰσοκρατής 231 ‚3

ἴσος 43,2 53,12. 13 54‚11. 18. 28 57,19 59,
30 60,3 71,25 84,12102,30116,1122,6
169,10 206, 31 2⁵20‚.6⁸q sim. συμμετρον
μέσον 153,17 τὸ ἐν ταῖς νομαῖς 147,23
ἐπ’ ἴσης 232,30 ἴσωσ 34,20 37,9 57,24
65,32 97,8 185,22 190,9 215‚‘22?24

ίσοταχής 45,31 sq.

ἰσότης 147,22 230,30 231,6

ἵστημι 46,17.19 62,36 63,7 88,3 105,33
175,22 217,2ἷ) 233,12

ἱστορία 100,20 215,30

Ι INDEX

ἰσχυρός 33,2
ἰσχὺς 20,2 186,8. 23. 25 224,2
ίσχὺω 20,3 142,2

καθαρείιω 142,19

καθαρός 49,7 50,25 62,12 146,5 232,4

καθέζομαι 175,22

καθήκω 238,15

καθίημί 232,1

καθομολογέω 164,4

καὶ γάρ 8,13 11,4 12,5.13 26,8 33,12 37,3
48,1 51,10 55,6 60,5 120,17 146,16
218,13 220,12 225,7 228,20 καί τοι
10,11 14,9 18,19 60,24 68,28 72,25 89,
14 154,23 178,11 184,9 211,13 220,33
227,17 234,12 κᾶν-εκαὶ ἐὰν 30,30
107,15 144,11 184,5 203,24 217,29
223,25 23529 etc.

καιρός 165,27 195,10“

καί ω 31,9 73,Ῑὸ 223,2 227,25

κακία 196,28 εὐκίνητος 122,8 μόνιμος 122,9
ἐν δπερβολῇ, ἐνδείᾳ 131,27 κάκιστον τῶν
ὄντων 119, 36 ὅτι καὶ αἱ κακίαι ταῖς
ἀρεταῖς ὁμοίως ἐφ’ ἡμῖν 158,19-161,29

κακοπάθεια 170,21

κακός 128,25 sq. 129,8 sq. 171,7

καλέω 75,9

καλός 26,14 70,4 128,30 144,34 185,24
καθ’ οὓς τὸ κ. διὰ τὰς πολήψεις τὰς τῶν
ἀνθρώπων 138,16

κάματος 187,7 191,21 197,28

καπνός 5,27 15,14

καρδία 34,10

καρπός 164,10 193,18

καρποφορέω 193,19

’ καρφός 167,24

καταβάλλω 133,8 193,2

κατά eum Gen. 7526 173,20 196,17. 19

καταζάω 14l‚1? 170,24

καταλέγω 127,34 192,18

καταλείπω 22,27 50,13 59,7. 16 69,7 92,
18 156,21 178,23 199,8 221,29

καταναγκάζω 10,28 179,12 18133210.

καταναλίσκω 227,18

κατανοέω 144,18

καταριθμέω 167,14

κατασκευή 105,5 165,2 170,17 171,18
205,24 227,3 233,14 238,22

κατασκευάζω 99,30 200,14 203,30 210,8

κατασκευαστικός 183,26

